{
 "cells": [
  {
   "cell_type": "code",
   "execution_count": 19,
   "id": "4108bf65",
   "metadata": {},
   "outputs": [],
   "source": [
    "import control as ct\n",
    "import numpy as np\n",
    "from scipy.linalg import solve_lyapunov, solve_continuous_are\n",
    "\n",
    "np.set_printoptions(3, linewidth=500)"
   ]
  },
  {
   "cell_type": "code",
   "execution_count": null,
   "id": "ef33919d",
   "metadata": {},
   "outputs": [
    {
     "name": "stdout",
     "output_type": "stream",
     "text": [
      "\n",
      "Kx:\n",
      "[[ 2.277e-02  1.762e-01 -3.929e-01 -1.213e-03]\n",
      " [ 1.451e-02  1.135e+00 -1.761e-01  8.347e-04]\n",
      " [-5.237e+01 -7.864e-06  8.577e-05  2.250e-01]\n",
      " [-1.675e-02 -3.308e+00  2.317e-01 -1.640e-03]\n",
      " [ 5.665e-02  2.317e-01 -2.332e+00 -3.531e-03]\n",
      " [ 7.499e+00 -6.975e-05 -1.942e-04 -1.579e+00]\n",
      " [ 2.351e-02  1.227e-01 -5.812e-01 -1.384e-03]\n",
      " [ 9.395e-03  1.098e+00 -1.227e-01  7.320e-04]\n",
      " [-1.498e+01 -9.897e-07  1.051e-05  3.000e-02]\n",
      " [-9.136e-04 -3.871e-01  1.287e-02 -1.055e-04]\n",
      " [ 3.754e-03  1.287e-02 -3.329e-01 -2.448e-04]\n",
      " [ 9.999e-01 -8.849e-06 -2.501e-05 -4.505e-01]]\n",
      "\n",
      "Kr_ref_gain:\n",
      "[[ 2.277e-02  1.451e-02 -5.237e+01 -1.675e-02  5.665e-02  7.499e+00  2.351e-02  9.395e-03 -1.498e+01 -9.136e-04  3.754e-03  9.999e-01]\n",
      " [ 1.762e-01  1.135e+00 -7.864e-06 -3.308e+00  2.317e-01 -6.975e-05  1.227e-01  1.098e+00 -9.897e-07 -3.871e-01  1.287e-02 -8.849e-06]\n",
      " [-3.929e-01 -1.761e-01  8.577e-05  2.317e-01 -2.332e+00 -1.942e-04 -5.812e-01 -1.227e-01  1.051e-05  1.287e-02 -3.329e-01 -2.501e-05]\n",
      " [-1.213e-03  8.347e-04  2.250e-01 -1.640e-03 -3.531e-03 -1.579e+00 -1.384e-03  7.320e-04  3.000e-02 -1.055e-04 -2.448e-04 -4.505e-01]]\n",
      "\n",
      "P:\n",
      "[[ 9.032e+02  6.453e+01 -1.843e-01 -1.096e+02  6.967e+02  3.598e-01  3.659e+02  4.473e+01  9.798e-03  1.911e+00  1.231e+01 -2.156e-02]\n",
      " [ 6.453e+01  1.175e+03 -7.651e-02 -1.158e+03  1.096e+02 -1.935e-01  4.473e+01  5.543e+02  1.213e-02 -4.263e+00 -1.911e+00  1.863e-02]\n",
      " [-1.843e-01 -7.651e-02  1.150e+03  6.026e-02 -3.633e-01 -7.234e+01 -1.693e-01 -4.156e-02  5.848e+00  2.408e-03 -1.824e-02  8.332e-01]\n",
      " [-1.096e+02 -1.158e+03  6.026e-02  4.505e+03 -1.573e+02  3.079e-01 -7.329e+01 -1.317e+03 -1.613e-02  6.006e+01  1.342e+00 -3.633e-02]\n",
      " [ 6.967e+02  1.096e+02 -3.633e-01 -1.573e+02  3.842e+03  7.660e-01  1.009e+03  7.329e+01  2.494e-02  1.342e+00  6.571e+01 -6.853e-02]\n",
      " [ 3.598e-01 -1.935e-01 -7.234e+01  3.079e-01  7.660e-01  1.153e+03  3.457e-01 -1.538e-01  8.332e-01  1.478e-02  3.807e-02  5.819e+00]\n",
      " [ 3.659e+02  4.473e+01 -1.693e-01 -7.329e+01  1.009e+03  3.457e-01  4.622e+02  3.096e+01  1.033e-02  1.341e+00  1.747e+01 -2.657e-02]\n",
      " [ 4.473e+01  5.543e+02 -4.156e-02 -1.317e+03  7.329e+01 -1.538e-01  3.096e+01  5.925e+02  8.508e-03 -1.182e+01 -1.341e+00  1.639e-02]\n",
      " [ 9.798e-03  1.213e-02  5.848e+00 -1.613e-02  2.494e-02  8.332e-01  1.033e-02  8.508e-03  2.051e+01 -9.531e-04  2.069e-03  1.421e+00]\n",
      " [ 1.911e+00 -4.263e+00  2.408e-03  6.006e+01  1.342e+00  1.478e-02  1.341e+00 -1.182e+01 -9.531e-04  1.397e+01  6.007e-01 -2.697e-03]\n",
      " [ 1.231e+01 -1.911e+00 -1.824e-02  1.342e+00  6.571e+01  3.807e-02  1.747e+01 -1.341e+00  2.069e-03  6.007e-01  1.650e+01 -5.917e-03]\n",
      " [-2.156e-02  1.863e-02  8.332e-01 -3.633e-02 -6.853e-02  5.819e+00 -2.657e-02  1.639e-02  1.421e+00 -2.697e-03 -5.917e-03  2.046e+01]]\n"
     ]
    }
   ],
   "source": [
    "g = 9.81\n",
    "m = 1.0\n",
    "Ixx = 0.015\n",
    "Iyy = 0.015\n",
    "Izz = 0.03\n",
    "l = 0.225\n",
    "Ka = 2e-7\n",
    "Km = 2e-9\n",
    " \n",
    "psi = 0.0\n",
    " \n",
    "a_sub = np.array([[0, 0, 0, g*np.sin(psi), g*np.cos(psi), 0],\n",
    "                          [0, 0, 0, -g*np.cos(psi), g*np.sin(psi), 0]])\n",
    "a_sub = np.vstack((a_sub, np.zeros((4, 6))))\n",
    "\n",
    "\n",
    "A = np.block([[np.zeros((6,6)), np.eye(6)],\n",
    "                [a_sub, np.zeros((6,6))]])\n",
    "\n",
    "\n",
    "b_sub = np.array([[1/m, 0, 0, 0],\n",
    "                    [0, 1/Ixx, 0, 0],\n",
    "                    [0, 0, 1/Iyy, 0],\n",
    "                    [0, 0, 0, 1/Izz]]) \n",
    "\n",
    "# b_sub = np.array([[Ka/m, Ka/m, Ka/m, Ka/m],\n",
    "#             [0, -Ka*l/Ixx, 0, Ka*l/Ixx],\n",
    "#             [Ka*l/Iyy, 0, -Ka*l/Iyy, 0],\n",
    "#             [Km/Izz, -Km/Izz, Km/Izz, -Km/Izz]]) # For direct rpm\n",
    "        \n",
    "B = np.vstack((np.zeros((8, 4)), b_sub))\n",
    "\n",
    "Q = np.eye(12)*600\n",
    "desired_poles = -np.linspace(1, 12, 12)\n",
    "K = ct.place(A, B, desired_poles)\n",
    "\n",
    "Kr_ref_gain = np.linalg.pinv(B) @ (A - B @ K)\n",
    "Am = A - B@K\n",
    "Bm = np.copy(B)\n",
    "\n",
    "P = solve_lyapunov(Am.T, -Q)\n",
    "\n",
    "Kx = -K.T\n",
    "Kr = np.eye(4) \n",
    "\n",
    "\n",
    "print(\"\\nKx:\")\n",
    "print(Kx)\n",
    "\n",
    "print(\"\\nKr_ref_gain:\")\n",
    "print(Kr_ref_gain)\n",
    "\n",
    "print(\"\\nP:\")\n",
    "print(P)\n"
   ]
  }
 ],
 "metadata": {
  "kernelspec": {
   "display_name": "ai",
   "language": "python",
   "name": "python3"
  },
  "language_info": {
   "codemirror_mode": {
    "name": "ipython",
    "version": 3
   },
   "file_extension": ".py",
   "mimetype": "text/x-python",
   "name": "python",
   "nbconvert_exporter": "python",
   "pygments_lexer": "ipython3",
   "version": "3.12.8"
  }
 },
 "nbformat": 4,
 "nbformat_minor": 5
}
